1.000000000 0.000000000 0.000000000 0.000000000 0.000000000 1.000000000 0.000000000 0.000000000 0.000000000 0.000000000 1.000000000 0.000000000
0.999990880 0.001235938 -0.004085552 -0.010200245 -0.001242390 0.999997973 -0.001577188 -0.003010676 0.004083595 0.001582250 0.999990404 0.689224303
0.999967277 0.001360833 -0.007963414 -0.020500455 -0.001383566 0.999994993 -0.002849798 -0.004407694 0.007959495 0.002860723 0.999964237 1.395215034
0.999915242 0.002550079 -0.012764379 -0.037400488 -0.002592605 0.999991059 -0.003316093 -0.009362524 0.012755810 0.003348905 0.999912977 2.119632721
0.999851227 0.001687247 -0.017165760 -0.054037202 -0.001747549 0.999992251 -0.003498500 -0.016877109 0.017159728 0.003527978 0.999846518 2.861257553
0.999761224 0.003573992 -0.021555141 -0.077887081 -0.003681412 0.999980986 -0.004945904 -0.018718477 0.021537052 0.005024076 0.999755442 3.614473104
0.999638081 0.006253507 -0.026166428 -0.111132793 -0.006405831 0.999962986 -0.005741627 -0.020317977 0.026129553 0.005907166 0.999641180 4.377712250
0.999504328 0.006438987 -0.030816408 -0.134513259 -0.006558597 0.999971271 -0.003781908 -0.034273282 0.030791169 0.003982145 0.999517918 5.168721676
0.999356449 0.005859063 -0.035388861 -0.166147619 -0.005903395 0.999981940 -0.001148334 -0.038557865 0.035381492 0.001356510 0.999372959 5.966496944
0.999247432 0.005438184 -0.038404211 -0.206475168 -0.005380878 0.999984324 0.001595385 -0.045441810 0.038412284 -0.001387536 0.999261022 6.776859283
0.999126613 0.006930045 -0.041207273 -0.246414036 -0.006906290 0.999975860 0.000718798 -0.052387401 0.041211262 -0.000433580 0.999150276 7.596249580
0.999038875 0.006431470 -0.043357465 -0.289222300 -0.006412488 0.999979317 0.000576855 -0.056910399 0.043360271 -0.000298272 0.999059498 8.416855812
0.998988211 0.004051832 -0.044788811 -0.332623124 -0.004063939 0.999991715 -0.000179271 -0.060661372 0.044787709 0.000361109 0.998996437 9.242924690
0.998871088 0.003210279 -0.047394346 -0.362268865 -0.003176376 0.999994636 0.000790625 -0.067103527 0.047396623 -0.000639190 0.998875916 10.083735466
0.998797238 0.001686458 -0.049003042 -0.405335218 -0.001674292 0.999998569 0.000289310 -0.070796154 0.049003448 -0.000206917 0.998798609 10.935527802
0.998698115 0.003976106 -0.050856456 -0.454309404 -0.004067480 0.999990284 -0.001693332 -0.082405165 0.050849229 0.001897984 0.998704493 11.791222572
0.998633862 0.004607026 -0.052048210 -0.505224586 -0.004851936 0.999977767 -0.004580081 -0.086610645 0.052025951 0.004826359 0.998634040 12.653789520
0.998532712 0.008471305 -0.053486258 -0.564474344 -0.008815731 0.999941885 -0.006206822 -0.096970163 0.053430568 0.006669234 0.998549342 13.527948380
0.998457849 0.009530364 -0.054690983 -0.614901185 -0.009856983 0.999935150 -0.005705497 -0.108001590 0.054633051 0.006235786 0.998487055 14.413177490
0.998392642 0.008495428 -0.056034762 -0.668773651 -0.008734399 0.999953806 -0.004021173 -0.121195465 0.055998005 0.004504140 0.998420715 15.305284500
0.998326063 0.009538556 -0.057045016 -0.729311585 -0.009711006 0.999949098 -0.002746589 -0.129497141 0.057015914 0.003295955 0.998367786 16.201440811
0.998260438 0.008909225 -0.058280502 -0.778842390 -0.009074622 0.999955535 -0.002573865 -0.143069685 0.058254980 0.003098261 0.998296857 17.098751068
0.998174012 0.008801561 -0.059758313 -0.838671207 -0.009021711 0.999953508 -0.003415180 -0.152837232 0.059725478 0.003948066 0.998206973 18.004537582
0.998114467 0.007332382 -0.060940001 -0.895593166 -0.007586885 0.999963522 -0.003945928 -0.167451292 0.060908847 0.004400832 0.998133600 18.916814804
0.998082817 0.007468864 -0.061440580 -0.954706609 -0.007627142 0.999968171 -0.002341967 -0.177268207 0.061421134 0.002806093 0.998107970 19.825719833
0.998069882 0.008584275 -0.061506514 -1.016636133 -0.008538233 0.999963045 0.001011386 -0.185232729 0.061512925 -0.000484277 0.998106122 20.751327515
0.998110116 0.009299519 -0.060743243 -1.074624658 -0.009013260 0.999946952 0.004984952 -0.197190464 0.060786378 -0.004428036 0.998140931 21.676153183
0.998222411 0.007882497 -0.059075207 -1.130176544 -0.007424118 0.999940753 0.007974727 -0.202991873 0.059134569 -0.007521972 0.998221695 22.607637405
0.998308778 0.008161440 -0.057557788 -1.187629700 -0.007668818 0.999931991 0.008774424 -0.206154794 0.057625491 -0.008318185 0.998303592 23.547124863
0.998389304 0.008469929 -0.056098059 -1.244959116 -0.008161458 0.999950290 0.005725581 -0.207268417 0.056143776 -0.005258518 0.998408854 24.483661652
0.998433590 0.009201967 -0.055187084 -1.301282048 -0.009156357 0.999957502 0.001079269 -0.216755465 0.055194665 -0.000572265 0.998475492 25.428173065
0.998524487 0.008741558 -0.053593714 -1.358995318 -0.008852394 0.999959111 -0.001831070 -0.220684230 0.053575512 0.002302801 0.998561144 26.380369186
0.998568654 0.005916975 -0.053156331 -1.404677749 -0.005957094 0.999981999 -0.000596341 -0.230844557 0.053151838 0.000912144 0.998586059 27.337398529
0.998576522 0.004779960 -0.053123623 -1.463328838 -0.004567337 0.999980986 0.004123111 -0.236865655 0.053142332 -0.003874608 0.998579443 28.312425613
0.998553216 0.001179107 -0.053758435 -1.518002868 -0.000785336 0.999972641 0.007345382 -0.243335515 0.053765628 -0.007292538 0.998526990 29.286720276
0.998469770 -0.006016737 -0.054972205 -1.561822772 0.006399528 0.999956429 0.006790011 -0.250880897 0.054928958 -0.007131416 0.998464823 30.252426147
0.998359084 -0.008585582 -0.056615833 -1.608318090 0.008766106 0.999957204 0.002941003 -0.253939986 0.056588154 -0.003432477 0.998391628 31.225337982
0.998271704 -0.008393588 -0.058164962 -1.667466044 0.008351292 0.999964654 -0.000970243 -0.259191453 0.058171049 0.000482813 0.998306453 32.202571869
0.998191595 -0.007305386 -0.059667159 -1.746682167 0.007220170 0.999972641 -0.001643645 -0.265902638 0.059677526 0.001209865 0.998216927 33.183586121
0.998130322 -0.007313397 -0.060682613 -1.790749550 0.007328353 0.999973118 0.000023911 -0.282352179 0.060680818 -0.000468570 0.998157084 34.144599915
0.998089373 -0.004238020 -0.061642818 -1.861731172 0.004414338 0.999986529 0.002724393 -0.292583346 0.061630458 -0.002991300 0.998094499 35.137569427
0.997973084 -0.004605626 -0.063470587 -1.916855931 0.004889702 0.999978662 0.004321114 -0.303964376 0.063449346 -0.004622709 0.997974336 36.134353638
0.997918904 -0.003446907 -0.064389043 -1.985253572 0.003894263 0.999969125 0.006823493 -0.307864666 0.064363532 -0.007060041 0.997901559 37.114631653
0.997939229 -0.003115859 -0.064090230 -2.050305367 0.003735970 0.999947369 0.009558019 -0.311239004 0.064057074 -0.009777763 0.997898281 38.106971741
0.997889161 0.002401195 -0.064895906 -2.123516560 -0.001644251 0.999930024 0.011714877 -0.308074445 0.064919487 -0.011583446 0.997823238 39.096721649
0.997893929 0.002882394 -0.064801916 -2.198033333 -0.002160638 0.999934912 0.011205211 -0.314653754 0.064829998 -0.011041598 0.997835159 40.090579987
0.997915864 0.002765689 -0.064468965 -2.270674229 -0.002160605 0.999953032 0.009453490 -0.313549280 0.064492077 -0.009294497 0.997874916 41.085601807
0.997892141 0.005117237 -0.064692847 -2.343423128 -0.004653034 0.999962330 0.007324122 -0.320458114 0.064727895 -0.007007665 0.997878253 42.076000214
0.997836828 0.004701105 -0.065570995 -2.403493643 -0.004227931 0.999963999 0.007353117 -0.322335660 0.065603204 -0.007059981 0.997820795 43.055023193
0.997776270 0.003072458 -0.066580757 -2.473360062 -0.002515226 0.999961197 0.008451466 -0.327346504 0.066604152 -0.008265206 0.997745216 44.035690308
0.997714877 0.003987062 -0.067447893 -2.541879654 -0.003349741 0.999948680 0.009559529 -0.336039126 0.067482539 -0.009311752 0.997676969 45.010066986
0.997669935 0.005519245 -0.068001516 -2.604627132 -0.005105636 0.999967337 0.006254672 -0.341862172 0.068033829 -0.005892907 0.997665584 45.988937378
0.997600019 0.006111942 -0.068969056 -2.679013252 -0.005996335 0.999980211 0.001883135 -0.345161021 0.068979196 -0.001465054 0.997617006 46.953449249
0.997585416 0.007385931 -0.069056779 -2.760847569 -0.007368157 0.999972641 0.000512090 -0.348627597 0.069058657 -0.000002032 0.997612596 47.909259796
0.997579336 0.005342114 -0.069332026 -2.826857328 -0.005040176 0.999977052 0.004529151 -0.365219831 0.069354631 -0.004168743 0.997583330 48.890457153
0.997577012 0.003658495 -0.069474027 -2.896080971 -0.003149449 0.999967396 0.007435262 -0.370866507 0.069498956 -0.007198442 0.997556031 49.861846924
0.997562766 0.001966869 -0.069747396 -2.965124607 -0.001403446 0.999966025 0.008126130 -0.382062554 0.069761008 -0.008008438 0.997531533 50.821590424
0.997538686 -0.001192548 -0.070106849 -3.024679184 0.001682682 0.999974549 0.006932599 -0.384711623 0.070096791 -0.007033504 0.997515380 51.771701813
0.997526884 -0.004071720 -0.070168257 -3.094646215 0.004499049 0.999972343 0.005933089 -0.395014197 0.070142157 -0.006234107 0.997517526 52.724720001
0.997428596 -0.005615854 -0.071445659 -3.164748430 0.006127435 0.999957085 0.006943255 -0.399909198 0.071403600 -0.007363181 0.997420311 53.676452637
0.997295856 -0.009489788 -0.072874956 -3.216177225 0.010319567 0.999886036 0.011018284 -0.402080119 0.072762102 -0.011740525 0.997280240 54.626270294
0.997276962 -0.010187319 -0.073039144 -3.292374849 0.011351230 0.999814868 0.015538079 -0.398965657 0.072867334 -0.016324854 0.997208059 55.569812775
0.997252584 -0.007935083 -0.073649742 -3.369827509 0.009277529 0.999796629 0.017903252 -0.400061965 0.073492713 -0.018537352 0.997123420 56.503711700
0.997114718 -0.007626328 -0.075525239 -3.436296940 0.008699788 0.999865592 0.013894474 -0.399025440 0.075409137 -0.014511437 0.997047007 57.462837219
0.997035444 -0.005724014 -0.076730788 -3.507978201 0.006236773 0.999959707 0.006444606 -0.404584616 0.076690815 -0.006904052 0.997031033 58.372570038
0.996990323 -0.003501222 -0.077446915 -3.587779999 0.003620956 0.999992490 0.001405629 -0.408229500 0.077441387 -0.001681830 0.996995628 59.284015656
0.996930003 0.001187202 -0.078288652 -3.670055151 -0.001004938 0.999996781 0.002367476 -0.417729974 0.078291200 -0.002281533 0.996927917 60.186214447
0.996819854 0.003546739 -0.079609148 -3.746376991 -0.003169021 0.999983132 0.004870494 -0.431537449 0.079625063 -0.004602722 0.996814251 61.089035034
0.996727645 0.006209954 -0.080594175 -3.822857857 -0.005726292 0.999964178 0.006230948 -0.440361470 0.080629982 -0.005749052 0.996727407 61.974697113
0.996622503 0.006943975 -0.081825890 -3.897089481 -0.006441685 0.999958754 0.006400913 -0.454944074 0.081866987 -0.005852197 0.996626079 62.852024078
0.996503770 0.008472076 -0.083117306 -3.979698181 -0.007903987 0.999943078 0.007161480 -0.460241497 0.083173253 -0.006479484 0.996514022 63.706703186
0.996378183 0.009405605 -0.084510885 -4.055259228 -0.008783165 0.999931514 0.007734004 -0.469327450 0.084577829 -0.006963721 0.996392488 64.550544739
0.996256649 0.009158655 -0.085959800 -4.127407551 -0.008485526 0.999930441 0.008192880 -0.476743996 0.086028866 -0.007432798 0.996264935 65.369956970
0.996173799 0.009118796 -0.086918183 -4.201381207 -0.008358129 0.999923587 0.009111445 -0.479806602 0.086994633 -0.008350110 0.996173859 66.176490784
0.996005416 0.011793463 -0.088510349 -4.275707245 -0.010783421 0.999871194 0.011881098 -0.485256016 0.088639066 -0.010879193 0.996004403 66.979324341
0.995867074 0.013617805 -0.089795418 -4.352519035 -0.012227345 0.999796867 0.016016722 -0.490208626 0.089995302 -0.014852564 0.995831490 67.763504028
0.995675683 0.016511897 -0.091418125 -4.430643082 -0.014933260 0.999727786 0.017925523 -0.494258404 0.091689207 -0.016482834 0.995651245 68.543365479
0.995510161 0.019637858 -0.092594862 -4.511725903 -0.018456010 0.999737024 0.013602806 -0.497724712 0.092837654 -0.011832803 0.995610893 69.294868469
0.995369792 0.019238785 -0.094174266 -4.581388950 -0.018708283 0.999803722 0.006512969 -0.506851852 0.094281107 -0.004720973 0.995534420 70.026062012
0.995235503 0.018520970 -0.095725104 -4.650900841 -0.018552767 0.999827743 0.000557926 -0.508857846 0.095718935 0.001220698 0.995407641 70.734436035
0.995184779 0.019356340 -0.096086837 -4.724200249 -0.019522067 0.999809146 -0.000784841 -0.512279332 0.096053287 0.002656876 0.995372653 71.427543640
0.995077074 0.021867523 -0.096661031 -4.802654266 -0.021690045 0.999760568 0.002886595 -0.521013677 0.096700989 -0.000775802 0.995313168 72.104675293
0.994930506 0.022381544 -0.098042905 -4.871253967 -0.021962428 0.999744415 0.005352115 -0.538693786 0.098137632 -0.003171723 0.995167792 72.759651184
0.994904637 0.019031957 -0.099008054 -4.934474945 -0.018929074 0.999818921 0.001978483 -0.547200143 0.099027783 -0.000094271 0.995084643 73.387191772
0.995011032 0.010791510 -0.099179335 -4.982785225 -0.011153230 0.999932945 -0.003093395 -0.560103655 0.099139318 0.004184132 0.995064735 74.005447388
0.995127618 0.006869636 -0.098355733 -5.032822609 -0.007693899 0.999938428 -0.008003592 -0.565934718 0.098294705 0.008721336 0.995119154 74.604782104
0.995407104 0.008978742 -0.095308647 -5.089405537 -0.009790932 0.999919534 -0.008057450 -0.580285847 0.095228635 0.008953605 0.995415151 75.185043335
0.995746672 0.014123779 -0.091043800 -5.154016972 -0.014629939 0.999880970 -0.004894511 -0.595418096 0.090963811 0.006205657 0.995834887 75.758834839
0.996189892 0.012605638 -0.086295068 -5.204925060 -0.012821050 0.999915898 -0.001942414 -0.602630615 0.086263306 0.003041406 0.996267676 76.318183899
0.996699631 0.009020556 -0.080675408 -5.238129616 -0.008891386 0.999958575 0.001960238 -0.607517898 0.080689743 -0.001236454 0.996738493 76.858757019
0.997355223 0.004389551 -0.072548836 -5.262212276 -0.003994268 0.999976397 0.005592680 -0.624108374 0.072571665 -0.005288108 0.997349203 77.385536194
0.998057306 0.008078953 -0.061776184 -5.295716286 -0.007741474 0.999953806 0.005700332 -0.633759677 0.061819371 -0.005211018 0.998073757 77.908340454
0.998814285 0.013257942 -0.046841655 -5.318428993 -0.013038468 0.999902606 0.004987932 -0.637077570 0.046903212 -0.004371274 0.998889983 78.414825439
0.999429584 0.018216684 -0.028435558 -5.335660934 -0.018070048 0.999822140 0.005405216 -0.640870154 0.028528962 -0.004888302 0.999580979 78.905868530
0.999838054 0.016871095 -0.006262928 -5.324797153 -0.016833141 0.999839962 0.006064278 -0.647704244 0.006364234 -0.005957871 0.999962032 79.384620667
0.999711633 0.013461421 0.019886194 -5.294372082 -0.013600920 0.999883652 0.006896390 -0.653225660 -0.019791044 -0.007164872 0.999778390 79.843940735
0.998707831 0.012276150 0.049315475 -5.247335911 -0.012709096 0.999883235 0.008475126 -0.661163747 -0.049205683 -0.009090930 0.998747289 80.298728943
0.996525824 0.011799339 0.082444087 -5.189661503 -0.012651385 0.999871731 0.009820070 -0.666033208 -0.082317635 -0.010828986 0.996547282 80.751037598
0.992711425 0.011841566 0.119932294 -5.112298965 -0.013098565 0.999867201 0.009697981 -0.663983524 -0.119801536 -0.011198238 0.992734671 81.190483093
0.986762583 0.011787558 0.161742657 -5.025691986 -0.013562777 0.999859273 0.009875827 -0.672668040 -0.161603451 -0.011938775 0.986783564 81.601837158
0.978309870 0.011560053 0.206824034 -4.908445358 -0.013827455 0.999859095 0.009520716 -0.675628424 -0.206684798 -0.012174059 0.978331804 82.019165039
0.966607153 0.013841695 0.255888522 -4.774545670 -0.016267607 0.999840498 0.007366087 -0.683919489 -0.255745798 -0.011282804 0.966678262 82.420379639
0.950906038 0.015131156 0.309109747 -4.622617722 -0.017318532 0.999840677 0.004333577 -0.690015912 -0.308994889 -0.009474148 0.951016545 82.803375244
0.931058168 0.015351643 0.364547729 -4.438301086 -0.017202772 0.999850273 0.001830862 -0.693467677 -0.364465058 -0.007975868 0.931182921 83.169799805
0.906525195 0.014699159 0.421895891 -4.251810074 -0.016393648 0.999865532 0.000388888 -0.707228005 -0.421833456 -0.007268948 0.906644225 83.501251221
0.877089381 0.015560457 0.480075002 -4.037349701 -0.016693681 0.999858856 -0.001908879 -0.712912440 -0.480036885 -0.006339963 0.877225399 83.823364258
0.843342543 0.014433443 0.537182391 -3.795185089 -0.014386376 0.999887407 -0.004280059 -0.718460202 -0.537183642 -0.004118553 0.843455315 84.125816345
0.806212306 0.013926180 0.591462433 -3.532909393 -0.013183567 0.999897540 -0.005572633 -0.729069829 -0.591479421 -0.003304857 0.806313336 84.412239075
0.766384721 0.013027424 0.642249703 -3.251731873 -0.012275876 0.999908745 -0.005633621 -0.731034279 -0.642264664 -0.003566657 0.766474724 84.677108765
0.723934948 0.012348158 0.689757764 -2.958915710 -0.013395756 0.999902904 -0.003840921 -0.738173485 -0.689738333 -0.006459248 0.724030077 84.915367126
0.678910315 0.011879755 0.734125137 -2.655799866 -0.012204283 0.999913573 -0.004894417 -0.735175014 -0.734119773 -0.005636600 0.678996623 85.131294250
0.632827401 0.009783010 0.774231076 -2.322505951 -0.009306274 0.999944031 -0.005028469 -0.757145405 -0.774237037 -0.004023055 0.632883012 85.334930420
0.586078763 0.006709446 0.810226321 -1.989231110 -0.002605332 0.999976158 -0.006396185 -0.761874199 -0.810249925 0.001637759 0.586082220 85.511932373
0.539371431 0.008549406 0.842024624 -1.654067993 -0.004719539 0.999963462 -0.007129850 -0.774341464 -0.842054844 -0.000128331 0.539391875 85.677604675
0.492582977 0.011909721 0.870183945 -1.313999176 -0.007934160 0.999926329 -0.009194161 -0.776325345 -0.870229304 -0.002375291 0.492641032 85.828643799
0.447138935 0.013420707 0.894363761 -0.975666046 -0.008535050 0.999906003 -0.010737343 -0.791389227 -0.894423783 -0.002832355 0.447211325 85.958114624
0.404655844 0.011768175 0.914393306 -0.619216919 -0.001720996 0.999925256 -0.012107354 -0.791941345 -0.914467454 0.003325644 0.404645741 86.068122864
0.363768399 0.003848169 0.931481481 -0.249532700 0.012637869 0.999879062 -0.009066162 -0.804699481 -0.931403697 0.015069925 0.363675833 86.179779053
0.328656793 -0.001249100 0.944448590 0.117692947 0.016816078 0.999848425 -0.004529422 -0.824583173 -0.944299638 0.017370546 0.328627944 86.265174866
0.294983000 0.004106482 0.955493748 0.481794357 0.014230268 0.999861062 -0.008690374 -0.818127334 -0.955396533 0.016160443 0.294883549 86.362815857
0.264214754 0.011743482 0.964392424 0.854045868 0.003991932 0.999903977 -0.013269581 -0.831340432 -0.964455605 0.007355806 0.264142483 86.460105896
0.235599592 0.016356381 0.971712530 1.231910706 -0.001667353 0.999863684 -0.016425971 -0.851111531 -0.971848726 0.002249765 0.235594764 86.545845032
0.209815055 0.018016677 0.977575064 1.623584747 -0.000203143 0.999831021 -0.018383248 -0.865461826 -0.977741063 0.003658495 0.209783271 86.610153198
0.186323002 0.019586133 0.982293427 2.033580780 0.007066667 0.999748766 -0.021274598 -0.873731911 -0.982463181 0.010905485 0.186137810 86.664642334
0.166305780 0.025520932 0.985743880 2.445055962 0.014024325 0.999502718 -0.028243201 -0.878800750 -0.985974550 0.018521398 0.165865123 86.704185486
0.146687359 0.032652725 0.988643825 2.866507530 0.016325835 0.999238968 -0.035424959 -0.873732984 -0.989048183 0.021336829 0.146042675 86.753128052
0.129018709 0.033249184 0.991084576 3.305925369 0.014131764 0.999274552 -0.035363603 -0.887948751 -0.991541505 0.018568339 0.128455266 86.806373596
0.113713972 0.029030111 0.993089318 3.765735626 0.012101806 0.999458373 -0.030602014 -0.911301553 -0.993439794 0.015498050 0.113301083 86.853973389
0.099119604 0.025783211 0.994741440 4.234615326 0.012452271 0.999553800 -0.027148737 -0.932619452 -0.994997621 0.015077760 0.098754309 86.893745422
0.085936613 0.023235681 0.996029615 4.718814850 0.014880311 0.999586642 -0.024602519 -0.949377835 -0.996189535 0.016935490 0.085555330 86.924018860
0.074252695 0.022345625 0.996989012 5.210861206 0.018493386 0.999546111 -0.023780268 -0.966909468 -0.997067988 0.020203451 0.073805735 86.946617126
0.064012758 0.023067435 0.997682393 5.730550289 0.021568183 0.999467313 -0.024492549 -0.983235478 -0.997716010 0.023086034 0.063481115 86.976188660
0.056360755 0.023664722 0.998129964 6.256193638 0.023965219 0.999398947 -0.025048036 -0.997533679 -0.998122811 0.025332130 0.055759765 86.994155884
0.050779298 0.023927012 0.998423159 6.806433201 0.025647180 0.999352038 -0.025253672 -1.013893247 -0.998380661 0.026889104 0.050132725 87.017776489
0.045101020 0.024839979 0.998673618 7.369994164 0.027005972 0.999295115 -0.026075056 -1.032693744 -0.998617411 0.028146163 0.044398401 87.041236877
0.039286289 0.025673747 0.998898089 7.957229614 0.027571185 0.999261320 -0.026767448 -1.048221707 -0.998847544 0.028592400 0.038549419 87.058540344
0.034921542 0.025630975 0.999061346 8.559520721 0.030136518 0.999189436 -0.026687667 -1.066020370 -0.998935580 0.031040205 0.034120809 87.073936462
0.031882338 0.025666000 0.999162018 9.179541588 0.031594120 0.999144793 -0.026673697 -1.086603284 -0.998992145 0.032418065 0.031044180 87.091194153
0.028877651 0.025089623 0.999267995 9.819098473 0.032764193 0.999124050 -0.026032856 -1.107012749 -0.999045849 0.033491977 0.028030319 87.105659485
0.026498696 0.024451358 0.999349713 10.476087570 0.034767520 0.999073446 -0.025366487 -1.127628207 -0.999044001 0.035417095 0.025624033 87.120361328
0.025960809 0.023994520 0.999374986 11.151805878 0.039585497 0.998903036 -0.025011508 -1.148209333 -0.998878896 0.040210065 0.024982495 87.129173279
0.027077997 0.023633318 0.999353945 11.848628998 0.042944811 0.998770118 -0.024783121 -1.168427110 -0.998710454 0.043588147 0.026029762 87.143066406
0.029451543 0.023704585 0.999285102 12.550614357 0.044219438 0.998709142 -0.024994180 -1.188586712 -0.998587728 0.044923943 0.028365321 87.159767151
0.033182520 0.023803152 0.999165773 13.273498535 0.046575654 0.998593390 -0.025336301 -1.208133698 -0.998363435 0.047377516 0.032027200 87.185348511
0.037762694 0.022972083 0.999022663 14.010365486 0.047400843 0.998569131 -0.024753390 -1.233604193 -0.998161912 0.048289262 0.036619768 87.210395813
0.041927170 0.021413926 0.998891115 14.768518448 0.048804786 0.998532832 -0.023454761 -1.255818844 -0.997928083 0.049734056 0.040820561 87.237014771
0.045810718 0.019731022 0.998755217 15.534111023 0.048590872 0.998577416 -0.021956261 -1.278332353 -0.997767627 0.049536221 0.044786796 87.275138855
0.049856484 0.017560577 0.998601973 16.312599182 0.045488302 0.998767853 -0.019834561 -1.303493261 -0.997719944 0.046413600 0.048996262 87.325912476
0.053705696 0.016429711 0.998421550 17.106679916 0.044516034 0.998831093 -0.018830990 -1.323503494 -0.997564018 0.045457110 0.052911531 87.374183655
0.057780355 0.017625237 0.998173714 17.909446716 0.041661218 0.998930633 -0.020050203 -1.342947483 -0.997459650 0.042743649 0.056984276 87.432220459
0.060999334 0.021784227 0.997900009 18.702098846 0.039333940 0.998932779 -0.024211165 -1.369158387 -0.997362494 0.040728211 0.060077362 87.479072571
0.062384725 0.026738213 0.997693896 19.506515503 0.033330090 0.999027669 -0.028858051 -1.402177811 -0.997495472 0.035053521 0.061432887 87.539642334
0.062177401 0.030001774 0.997614086 20.318531036 0.030631354 0.999019861 -0.031953182 -1.427513599 -0.997594833 0.032545038 0.061197467 87.596672058
0.062264137 0.029527392 0.997622788 21.132896423 0.028438136 0.999103963 -0.031346124 -1.460130095 -0.997654498 0.030322270 0.061368644 87.655395508
0.062433094 0.027662124 0.997665703 21.944385529 0.025516713 0.999244809 -0.029302720 -1.496043205 -0.997722924 0.027286610 0.061680101 87.710899353
0.062171876 0.026640786 0.997709930 22.768970490 0.026303675 0.999252737 -0.028321085 -1.527186990 -0.997718811 0.028004212 0.061424669 87.768768311
0.062090524 0.025583174 0.997742534 23.577093124 0.023833781 0.999348283 -0.027107548 -1.566597700 -0.997785926 0.025463101 0.061440311 87.832107544
0.062437795 0.025694203 0.997718036 24.386266708 0.022097412 0.999387860 -0.027120078 -1.602819681 -0.997804224 0.023740303 0.061831802 87.883728027
0.062671065 0.026245093 0.997689009 25.204923630 0.018984891 0.999441922 -0.027483758 -1.638989568 -0.997853637 0.020663453 0.062137835 87.939498901
0.061309569 0.027745549 0.997733116 26.014572144 0.016073849 0.999456465 -0.028781198 -1.670560122 -0.997989357 0.017801974 0.060830276 88.002868652
0.058170144 0.027356118 0.997931719 26.823091507 0.012782129 0.999522090 -0.028144790 -1.705064774 -0.998224974 0.014392878 0.057792675 88.059158325
0.054470342 0.026309500 0.998168707 27.626188278 0.010697375 0.999580085 -0.026930463 -1.732519627 -0.998458087 0.012144696 0.054166034 88.102722168
0.049681623 0.023879625 0.998479605 28.439346313 0.008862793 0.999664247 -0.024348946 -1.764121532 -0.998725772 0.010059011 0.049453303 88.148468018
0.043499116 0.021783959 0.998815894 29.245939255 0.006547446 0.999734581 -0.022089140 -1.795311213 -0.999032021 0.007500550 0.043344937 88.186836243
0.036035184 0.022062058 0.999106884 30.050472260 0.006378819 0.999730766 -0.022305897 -1.825193524 -0.999330163 0.007176919 0.035884749 88.215682983
0.027375368 0.022698568 0.999367416 30.851726532 0.006169442 0.999719262 -0.022875555 -1.855922461 -0.999606133 0.006791766 0.027227648 88.238189697
0.017701358 0.023267370 0.999572575 31.657714844 0.006900314 0.999702454 -0.023392592 -1.881216288 -0.999819517 0.007311444 0.017535537 88.251602173
0.007371951 0.022351759 0.999722958 32.448143005 0.007911412 0.999717474 -0.022409976 -1.912419677 -0.999941468 0.008074425 0.007193034 88.252883911
-0.003560483 0.021520153 0.999762058 33.242126465 0.006652318 0.999746680 -0.021496136 -1.941694856 -0.999971509 0.006574198 -0.003702741 88.253250122
-0.014802356 0.020365480 0.999683022 34.024250031 0.008099870 0.999762237 -0.020247160 -1.972339630 -0.999857724 0.007797597 -0.014963791 88.241615295
-0.025483446 0.021078493 0.999453008 34.805988312 0.008690638 0.999744594 -0.020863054 -1.995776415 -0.999637485 0.008154221 -0.025660118 88.215286255
-0.036713179 0.021704307 0.999090314 35.583801270 0.008561447 0.999734342 -0.021403695 -2.023123264 -0.999289155 0.007767859 -0.036889248 88.187446594
-0.046955161 0.022612186 0.998641014 36.353492737 0.008164942 0.999719024 -0.022252688 -2.053476334 -0.998863757 0.007108967 -0.047126580 88.140975952
-0.057376485 0.023668818 0.998071969 37.117019653 0.008824865 0.999691784 -0.023199920 -2.078639984 -0.998313546 0.007476720 -0.057567686 88.097045898
-0.066744447 0.024191713 0.997476876 37.870796204 0.009916414 0.999672711 -0.023581434 -2.111824512 -0.997720897 0.008317461 -0.066962503 88.037910461
-0.076447107 0.024676463 0.996768236 38.637176514 0.009891986 0.999663234 -0.023989474 -2.141566038 -0.997024715 0.008026091 -0.076665469 87.981277466
-0.085854508 0.025037490 0.995993018 39.375972748 0.010647479 0.999650180 -0.024211608 -2.171436310 -0.996250808 0.008526139 -0.086091056 87.918350220
-0.094299883 0.024520837 0.995241821 40.106155396 0.011974405 0.999652267 -0.023494914 -2.197234631 -0.995471835 0.009701862 -0.094560705 87.840850830
-0.101769850 0.023602840 0.994527996 40.828704834 0.013633095 0.999657691 -0.022329509 -2.223001003 -0.994714499 0.011286025 -0.102056786 87.764915466
-0.106756628 0.021769743 0.994046807 41.565231323 0.016503910 0.999661326 -0.020120244 -2.257368088 -0.994148195 0.014257688 -0.107079759 87.674606323
-0.110033438 0.020249642 0.993721604 42.271099091 0.019929664 0.999636352 -0.018163389 -2.280558825 -0.993728042 0.017805953 -0.110397004 87.582244873
-0.113147549 0.019138016 0.993393838 42.976512909 0.021150859 0.999634326 -0.016849156 -2.303601027 -0.993353069 0.019104693 -0.113510959 87.506324768
-0.114792086 0.018211866 0.993222594 43.660301208 0.021141464 0.999650300 -0.015886292 -2.327823639 -0.993164539 0.019174561 -0.115136966 87.428627014
-0.115735166 0.018744959 0.993103206 44.330970764 0.022102915 0.999622881 -0.016292162 -2.348776102 -0.993034065 0.020064902 -0.116105855 87.353569031
-0.114737295 0.019600287 0.993202507 44.982376099 0.022518640 0.999599636 -0.017125120 -2.371808767 -0.993140578 0.020400679 -0.115132742 87.278358459
-0.111541502 0.021358503 0.993530214 45.604843140 0.023762621 0.999540448 -0.018819932 -2.392343521 -0.993475616 0.021509681 -0.111997791 87.206855774
-0.106543824 0.021852126 0.994067848 46.224586487 0.023819702 0.999527633 -0.019419160 -2.416162729 -0.994022667 0.021609411 -0.107014000 87.143470764
-0.098515421 0.022529062 0.994880438 46.817371368 0.023385812 0.999520004 -0.020318404 -2.436740875 -0.994860709 0.021264408 -0.098995000 87.088600159
-0.087550633 0.022394951 0.995908201 47.398796082 0.022082381 0.999545217 -0.020535465 -2.463087797 -0.995915234 0.020194132 -0.088005349 87.051315308
-0.073771723 0.022636825 0.997018218 47.946647644 0.021585861 0.999544442 -0.021096990 -2.485710144 -0.997041583 0.019965136 -0.074226744 87.019630432
-0.056871358 0.023699885 0.998100281 48.496097565 0.019674705 0.999550700 -0.022613272 -2.515823841 -0.998187661 0.018351275 -0.057312101 87.000579834
-0.035469495 0.026241744 0.999026120 49.025978088 0.017942481 0.999510765 -0.025617443 -2.536922455 -0.999209702 0.017016372 -0.035922982 86.999435425
-0.010804214 0.029082684 0.999518573 49.543949127 0.015749345 0.999457896 -0.028910680 -2.564359188 -0.999817669 0.015429402 -0.011256382 87.012367249
0.016986851 0.030642251 0.999386072 50.062095642 0.013909471 0.999426365 -0.030879907 -2.589429140 -0.999758959 0.014425482 0.016550895 87.046081543
0.050897721 0.029962463 0.998254299 50.565616608 0.011251729 0.999469221 -0.030572617 -2.614151716 -0.998640418 0.012788164 0.050533578 87.076263428
0.089380354 0.027661972 0.995613396 51.062305450 0.010372637 0.999534130 -0.028702103 -2.633812666 -0.995943546 0.012892540 0.089051798 87.136062622
0.131292135 0.023853496 0.991056681 51.564807892 0.008229293 0.999649763 -0.025150513 -2.653549433 -0.991309464 0.011457758 0.131049842 87.229957581
0.176696867 0.019774046 0.984066665 52.051132202 0.004882123 0.999768257 -0.020966180 -2.675019741 -0.984253228 0.008508994 0.176559389 87.340644836
0.225388378 0.016478542 0.974129617 52.531036377 0.000941367 0.999852777 -0.017131489 -2.692650080 -0.974268496 0.004778251 0.225339666 87.483757019
0.277015597 0.014920927 0.960749507 53.008209229 -0.003129777 0.999888062 -0.014626351 -2.711670399 -0.960860312 0.001044796 0.277031332 87.644371033
0.332383335 0.014884392 0.943026960 53.463851929 -0.003728546 0.999888361 -0.014467693 -2.723076344 -0.943137050 0.001292701 0.332401752 87.832862854
0.390373379 0.015527365 0.920525730 53.899063110 -0.001555799 0.999867380 -0.016205918 -2.734767675 -0.920655310 0.004894206 0.390345782 88.048332214
0.449993908 0.018762974 0.892834425 54.315193176 -0.000220450 0.999781549 -0.020899365 -2.749798298 -0.893031418 0.009207764 0.449899793 88.291183472
0.509928823 0.021594437 0.859945416 54.712066650 0.001569772 0.999659777 -0.026033700 -2.767781496 -0.860215127 0.014625251 0.509721458 88.559738159
0.568976879 0.026612824 0.821922839 55.085327148 -0.002309863 0.999523997 -0.030764323 -2.769500494 -0.822350204 0.015605660 0.568767607 88.848312378
0.624159515 0.028732097 0.780768454 55.426422119 -0.006484563 0.999479651 -0.031596754 -2.796044350 -0.781269968 0.014658473 0.624021113 89.182334900
0.676213443 0.030932894 0.736056030 55.736179352 -0.008599503 0.999381483 -0.034098849 -2.797250271 -0.736655533 0.016728384 0.676061213 89.528549194
0.726311266 0.028339403 0.686781466 56.051143646 -0.008576898 0.999445617 -0.032170635 -2.820331097 -0.687312365 0.017475437 0.726151645 89.885917664
0.771481514 0.025057316 0.635758162 56.312553406 -0.010581927 0.999591291 -0.026556198 -2.834816456 -0.636163712 0.013760068 0.771431386 90.266494751
0.812034726 0.022084523 0.583191037 56.546943665 -0.011841081 0.999701560 -0.021369606 -2.823878050 -0.583488882 0.010447251 0.812053859 90.681442261
0.848431706 0.019342082 0.528951347 56.755321503 -0.014169121 0.999803841 -0.013832570 -2.842772961 -0.529115140 0.004241218 0.848539412 91.097251892
0.879708111 0.016118987 0.475240827 56.942691803 -0.014811588 0.999869168 -0.006495669 -2.849252224 -0.475283355 -0.001324777 0.879831731 91.529167175
0.905149162 0.017360583 0.424739331 57.103630066 -0.018842654 0.999822199 -0.000711225 -2.860857010 -0.424676120 -0.007359451 0.905315340 91.970832825
0.925171852 0.018630687 0.379090846 57.229370117 -0.021643322 0.999758959 0.003686713 -2.876583815 -0.378930748 -0.011615627 0.925352097 92.392997742
0.940234184 0.024962170 0.339612424 57.342239380 -0.028982962 0.999556959 0.006771422 -2.890178919 -0.339292914 -0.016209695 0.940541089 92.827018738
0.951944768 0.029668452 0.304829448 57.445007324 -0.032955889 0.999440849 0.005643542 -2.887928963 -0.304491520 -0.015418261 0.952390254 93.279365540
0.961279511 0.031206656 0.273802549 57.567108154 -0.034096587 0.999401689 0.005801152 -2.880988121 -0.273457706 -0.014912264 0.961768448 93.747421265
0.967412710 0.026313690 0.251833797 57.680587769 -0.028655132 0.999573410 0.005634152 -2.880889893 -0.251578122 -0.012666881 0.967754185 94.218933105
0.971388757 0.023421422 0.236337394 57.786788940 -0.025755556 0.999645114 0.006793434 -2.892250776 -0.236094400 -0.012686064 0.971647382 94.701545715
0.974187136 0.027956989 0.224004298 57.877460480 -0.030127589 0.999526322 0.006277372 -2.887920856 -0.223722652 -0.012864044 0.974568009 95.201896667
0.976249516 0.033102762 0.214105189 57.971637726 -0.035435006 0.999346972 0.007063155 -2.888069868 -0.213731602 -0.014482221 0.976785123 95.708450317
0.977215827 0.041485641 0.208154410 58.063186646 -0.043631483 0.999031365 0.005726116 -2.889283895 -0.207715183 -0.014677736 0.978079200 96.215278625
0.977565050 0.047390435 0.205233634 58.158287048 -0.048938539 0.998798788 0.002470839 -2.894387960 -0.204869986 -0.012459240 0.978709936 96.721565247
0.977658689 0.048640337 0.204493046 58.260944366 -0.049693454 0.998764515 0.000014653 -2.901314497 -0.204239666 -0.010176291 0.978868008 97.246437073
0.977309227 0.046971813 0.206543744 58.390792847 -0.047272030 0.998875916 -0.003484107 -2.910336971 -0.206475243 -0.006358693 0.978431106 97.761123657
0.976568401 0.045943443 0.210245594 58.513824463 -0.044843387 0.998943925 -0.009999201 -2.914948463 -0.210482925 0.000336781 0.977597475 98.307632446
0.975703955 0.046002563 0.214208990 58.638671875 -0.043801695 0.998927474 -0.015012132 -2.914987087 -0.214669839 0.005264679 0.976672471 98.860015869
0.974439323 0.050850160 0.218820393 58.756469727 -0.048914701 0.998701215 -0.014256962 -2.930533648 -0.219261169 0.003189010 0.975661039 99.447647095
0.972938478 0.053919971 0.224685133 58.885353088 -0.052837603 0.998544455 -0.010831797 -2.931643486 -0.224942103 -0.001333150 0.974371254 100.042030334
0.972055852 0.050802924 0.229186594 59.032493591 -0.050839607 0.998690307 -0.005748352 -2.948004246 -0.229178458 -0.006064038 0.973365545 100.631347656
0.971372187 0.046705902 0.232926354 59.184555054 -0.047967568 0.998848915 -0.000248066 -2.956037283 -0.232669845 -0.010931948 0.972494304 101.244819641
0.970550656 0.044126626 0.236821368 59.338665009 -0.046548087 0.998905301 0.004640446 -2.964155197 -0.236357361 -0.015527369 0.971542180 101.871498108
0.970055819 0.038881823 0.239749596 59.498825073 -0.041310690 0.999133289 0.005111805 -2.968455076 -0.239343032 -0.014862960 0.970821381 102.500343323
0.970029712 0.035875261 0.240323365 59.655406952 -0.037442040 0.999296963 0.001955094 -2.971949577 -0.240084246 -0.010894694 0.970690906 103.150512695
0.970244229 0.035417419 0.239524439 59.828620911 -0.035196833 0.999366999 -0.005199776 -2.976655245 -0.239556983 -0.003385450 0.970876336 103.798515320
0.970394075 0.037650034 0.238574386 59.985443115 -0.035849459 0.999286473 -0.011883320 -2.982972622 -0.238851547 0.002978740 0.971051455 104.457336426
0.970921218 0.040545419 0.235940471 60.141696930 -0.037855182 0.999156356 -0.015922682 -2.987009764 -0.236386985 0.006528100 0.971637011 105.139801025
0.971561074 0.038913533 0.233569846 60.304843903 -0.037258092 0.999239445 -0.011497330 -2.992363214 -0.233839646 0.002467990 0.972272098 105.827667236
0.972032487 0.034594182 0.232284278 60.474891663 -0.034730125 0.999390543 -0.003505536 -3.008976698 -0.232263967 -0.004659768 0.972641766 106.519470215
0.972638249 0.034976296 0.229677156 60.642387390 -0.036501355 0.999330819 0.002393447 -3.019755602 -0.229439750 -0.010711484 0.973263919 107.241302490
0.972873271 0.038325701 0.228142023 60.796554565 -0.039838694 0.999204099 0.002028552 -3.033463240 -0.227882683 -0.011062404 0.973625779 107.965049744
0.973157108 0.044213690 0.225854546 60.956848145 -0.044704154 0.998995841 -0.002944943 -3.032855749 -0.225758016 -0.007230746 0.974156499 108.690689087
0.974028885 0.045063458 0.221894413 61.119178772 -0.044307210 0.998982728 -0.008387389 -3.037270546 -0.222046673 -0.001661963 0.975034595 109.427543640
0.974954605 0.043699443 0.218068436 61.284206390 -0.042265926 0.999043226 -0.011236287 -3.048762798 -0.218350798 0.001738007 0.975868821 110.184326172
0.975889146 0.041561976 0.214273259 61.450714111 -0.040434968 0.999135733 -0.009641889 -3.059691429 -0.214488760 0.000745282 0.976726234 110.957405090
0.976780117 0.037879951 0.210868895 61.618938446 -0.037073463 0.999282300 -0.007777987 -3.069991112 -0.211012155 -0.000220255 0.977483392 111.735992432
0.977203310 0.036354631 0.209170505 61.783737183 -0.036201064 0.999334097 -0.004563898 -3.086947203 -0.209197149 -0.003112337 0.977868557 112.516105652
0.977544487 0.033034872 0.208123729 61.951557159 -0.033278979 0.999443352 -0.002329435 -3.092953444 -0.208084866 -0.004649019 0.978099704 113.317062378
0.977797687 0.028020438 0.207669199 62.123691559 -0.028420305 0.999595523 -0.001058387 -3.101718664 -0.207614914 -0.004867135 0.978198588 114.114120483
0.977905273 0.028991103 0.207028449 62.293502808 -0.029717375 0.999558210 0.000398408 -3.108248472 -0.206925392 -0.006541947 0.978334963 114.922233582
0.977642417 0.034255732 0.207465217 62.457092285 -0.034692202 0.999396861 -0.001535221 -3.115858793 -0.207392663 -0.005696529 0.978241205 115.740028381
0.977292717 0.040255062 0.208034784 62.615386963 -0.040083285 0.999183655 -0.005042886 -3.120773554 -0.208067954 -0.003410341 0.978108466 116.548446655
0.976738453 0.048766170 0.208815366 62.777450562 -0.048462074 0.998803318 -0.006575430 -3.130229950 -0.208886161 -0.003697149 0.977932930 117.374732971
0.975813687 0.054596514 0.211676046 62.942901611 -0.054609787 0.998490989 -0.005787775 -3.147836447 -0.211672604 -0.005911796 0.977322757 118.197013855
0.974981070 0.057408210 0.214746818 63.112144470 -0.057872653 0.998315394 -0.004129327 -3.157524586 -0.214622140 -0.008401953 0.976661026 119.030929565
0.974375606 0.058307245 0.217238232 63.290836334 -0.058698755 0.998264849 -0.004655926 -3.175772667 -0.217132792 -0.008214994 0.976107478 119.855789185
0.974082530 0.056272890 0.219081059 63.474105835 -0.055973891 0.998403430 -0.007576453 -3.185261965 -0.219157666 -0.004882730 0.975677252 120.691986084
0.974146962 0.050000280 0.220313162 63.671646118 -0.049869373 0.998736680 -0.006159543 -3.200810432 -0.220342830 -0.004986580 0.975409746 121.527725220
0.974317849 0.043464195 0.220942855 63.859909058 -0.042844303 0.999052823 -0.007599533 -3.217583656 -0.221063897 -0.002061783 0.975257158 122.365982056
0.974142849 0.042799264 0.221842036 64.051582336 -0.042188033 0.999081612 -0.007495349 -3.237042189 -0.221959099 -0.002057539 0.975053847 123.184608459
0.973588407 0.045384929 0.223754033 64.239837646 -0.045467496 0.998954356 -0.004785809 -3.248311281 -0.223737270 -0.005514129 0.974633932 124.023750305
0.973159909 0.047336455 0.225208774 64.423637390 -0.048807766 0.998807728 0.000966862 -3.261353254 -0.224894524 -0.011932850 0.974310040 124.857833862
0.972773433 0.051034946 0.226068974 64.604209900 -0.053551815 0.998552501 0.005010487 -3.274578094 -0.225486025 -0.016980473 0.974098384 125.684944153
0.972571731 0.050249361 0.227110118 64.788787842 -0.051314376 0.998681903 -0.001216134 -3.290597439 -0.226871833 -0.010471236 0.973868310 126.505493164
0.972891152 0.045700438 0.226702914 64.984519958 -0.043228146 0.998939395 -0.015860777 -3.303660870 -0.227187306 0.005630865 0.973834813 127.312225342
0.973199308 0.043603253 0.225791737 65.182670593 -0.039033204 0.998933315 -0.024667243 -3.323386669 -0.226626486 0.015192769 0.973863244 128.113723755
